24 01 00 0a
24 02 ff fd
00 22 08 24
34 21 00 05
30 42 00 0f
00 01 08 40
00 22 08 25
28 23 00 1f
28 24 00 20
00 44 08 20
00 41 08 22
24 21 00 01
24 42 ff f3
24 63 00 00
24 84 ff ff
00 22 28 25
00 a3 28 25
00 a4 28 25
24 00 ff fe
10 a0 00 01
fc 00 00 00
24 01 00 00
24 02 ff ff
ac 22 00 00
8c 21 00 00
14 22 00 05
04 20 00 01
fc 00 00 00
08 00 00 1e
fc 00 00 00
0c 00 00 30
20 01 7f ff
00 01 0c 00
20 21 7f ff
20 21 7f ff
20 22 00 00
20 42 00 02
00 41 18 2a
20 01 00 01
20 02 00 02
20 03 00 03
00 60 08 0b
00 62 10 0b
24 01 00 00
00 02 14 00
ac 22 00 08
94 23 00 0a
fc 00 00 00
03 e0 00 08
